#This file contains the covariance matrix for the MicroBooNE muon-neutrino charged-current inclusive cross section measurement. The first number in the first line corresponds to the covariance between bin 1 and bin 1. The second number in the first line between bin 1 and bin 2. The first number in the second line between bin 2 and 1. And so on.
1.4221E-03 2.4292E-03 2.0302E-03 3.5227E-04 2.5002E-05 2.6554E-04 2.3238E-03 1.4681E-03 1.8958E-04 5.1856E-05 -2.8725E-05 4.6102E-03 2.8839E-03 6.7813E-04 3.2523E-04 1.2655E-03 3.0966E-03 8.4334E-04 2.5189E-04 1.3164E-03 3.8112E-03 1.7286E-03 2.0366E-04 8.9641E-04 2.5754E-03 3.0487E-03 2.0195E-04 1.0699E-03 2.6550E-03 2.2443E-03 1.1837E-03 1.6886E-04 1.7756E-03 3.3464E-03 1.7855E-03 8.2018E-04 5.7985E-06 1.1920E-03 3.6129E-03 4.5393E-03 2.4758E-03 3.4129E-04
2.4292E-03 2.3726E-02 1.7872E-02 4.0718E-03 2.3434E-04 2.5889E-03 1.2693E-02 9.2609E-03 1.8423E-03 3.2495E-04 3.2473E-03 2.4994E-02 1.8895E-02 6.7604E-03 1.8360E-03 1.0612E-02 1.7347E-02 6.1799E-03 1.3166E-03 9.6638E-03 1.4674E-02 7.0505E-03 9.0855E-04 7.4359E-03 1.5357E-02 1.0156E-02 1.0223E-03 5.4880E-03 1.5654E-02 1.4268E-02 5.1792E-03 3.4480E-04 6.0292E-03 2.1407E-02 1.9051E-02 8.7947E-03 6.9705E-04 9.5743E-03 3.2921E-02 2.3916E-02 1.3979E-02 2.2713E-03
2.0302E-03 1.7872E-02 1.7540E-02 3.4257E-03 2.2697E-04 2.5209E-03 1.0116E-02 5.5798E-03 7.4065E-04 2.5926E-04 2.0888E-03 1.7451E-02 1.3295E-02 4.8224E-03 1.7144E-03 8.4442E-03 8.5191E-03 3.8101E-03 1.1040E-03 5.5783E-03 7.3666E-03 2.4067E-03 5.8968E-04 5.3533E-03 9.4495E-03 3.8823E-03 5.0195E-04 4.8140E-03 1.1351E-02 8.7708E-03 2.1853E-03 3.9068E-05 4.7772E-03 1.5734E-02 1.3931E-02 5.6210E-03 4.5517E-04 8.3202E-03 2.4828E-02 1.7726E-02 1.0885E-02 2.2958E-03
3.5227E-04 4.0718E-03 3.4257E-03 1.3160E-03 5.4523E-05 1.0874E-04 1.5641E-03 3.4744E-04 1.6471E-04 6.4011E-05 -3.9704E-04 1.9921E-03 -3.7872E-04 4.9719E-04 2.4617E-04 6.6339E-04 -1.1905E-03 -3.2318E-04 1.7299E-04 8.0683E-04 -5.9291E-04 -1.8448E-04 1.9477E-04 1.4801E-03 2.2492E-04 5.0992E-04 -4.7205E-05 5.2534E-04 4.6039E-03 2.6236E-03 7.4779E-04 1.8162E-04 1.7630E-03 1.4786E-03 3.4634E-03 1.8572E-03 8.8676E-05 1.2486E-03 3.8904E-03 5.8854E-03 3.6554E-03 6.2643E-04
2.5002E-05 2.3434E-04 2.2697E-04 5.4523E-05 8.5263E-06 3.1541E-05 9.1329E-05 2.2699E-05 -3.6241E-06 3.0930E-06 -7.0971E-06 1.8888E-04 2.2089E-05 6.5583E-05 1.9873E-05 1.4069E-04 -1.0572E-04 1.6005E-05 9.3743E-06 4.0314E-05 -1.3422E-04 -6.1375E-05 3.2882E-07 9.0655E-05 3.0283E-06 -1.1408E-04 -3.1032E-06 7.1160E-05 2.0834E-04 2.7477E-05 -3.6222E-05 -3.9370E-06 3.4707E-05 2.0895E-04 7.2979E-05 4.7315E-05 7.8116E-06 1.3845E-04 3.3794E-04 1.0475E-04 7.3965E-05 2.5921E-05
2.6554E-04 2.5889E-03 2.5209E-03 1.0874E-04 3.1541E-05 1.1146E-03 2.1955E-03 1.9603E-03 3.2071E-04 4.1162E-05 1.3289E-03 4.6260E-03 5.3870E-03 1.4896E-03 2.8664E-04 2.8348E-03 4.4201E-03 1.8226E-03 1.5368E-04 1.3893E-03 2.8989E-03 1.0532E-03 1.1196E-05 5.5544E-04 3.1567E-03 6.9117E-04 2.5789E-04 1.0684E-03 -7.5408E-04 3.7918E-04 1.4082E-05 -1.4073E-04 -5.5340E-04 3.5527E-03 1.7291E-03 4.0434E-04 1.3553E-04 1.2892E-03 5.4367E-03 9.2041E-04 6.2993E-04 2.4324E-04
2.3238E-03 1.2693E-02 1.0116E-02 1.5641E-03 9.1329E-05 2.1955E-03 1.6159E-02 1.2609E-02 2.9318E-03 2.3267E-04 2.6203E-03 2.8478E-02 2.4892E-02 7.1848E-03 1.7557E-03 1.1695E-02 2.9605E-02 9.8168E-03 1.4455E-03 1.1808E-02 2.7383E-02 1.4388E-02 1.3402E-03 6.1270E-03 2.3725E-02 2.1748E-02 1.8901E-03 6.5157E-03 1.7240E-02 2.0594E-02 1.0645E-02 9.6724E-04 5.8624E-03 1.7994E-02 2.0913E-02 1.1015E-02 1.0325E-03 7.3275E-03 2.8942E-02 2.4762E-02 1.7720E-02 2.3356E-03
1.4681E-03 9.2609E-03 5.5798E-03 3.4744E-04 2.2699E-05 1.9603E-03 1.2609E-02 1.6351E-02 3.3427E-03 1.4374E-04 3.7915E-03 2.8002E-02 2.9816E-02 7.2213E-03 1.2262E-03 1.2361E-02 3.5375E-02 1.1577E-02 1.2388E-03 1.3367E-02 3.3284E-02 1.8174E-02 1.2362E-03 5.0830E-03 2.8634E-02 2.6302E-02 2.2522E-03 5.6420E-03 1.5046E-02 2.3659E-02 1.3259E-02 9.5956E-04 3.7589E-03 1.8656E-02 2.4162E-02 1.3583E-02 1.2858E-03 5.1708E-03 2.7807E-02 2.2773E-02 1.8668E-02 2.4287E-03
1.8958E-04 1.8423E-03 7.4065E-04 1.6471E-04 -3.6241E-06 3.2071E-04 2.9318E-03 3.3427E-03 1.1396E-03 4.1737E-05 4.6353E-04 6.4083E-03 6.0541E-03 1.7815E-03 2.9597E-04 2.5331E-03 8.5695E-03 2.5792E-03 3.3625E-04 3.1894E-03 7.7649E-03 4.4161E-03 3.6835E-04 1.1634E-03 6.2816E-03 6.4706E-03 5.5466E-04 1.0952E-03 4.0000E-03 5.7285E-03 3.4422E-03 3.4531E-04 1.0326E-03 2.7696E-03 5.3667E-03 3.1876E-03 3.1310E-04 2.2712E-04 5.3831E-03 5.9249E-03 4.3316E-03 4.3287E-04
5.1856E-05 3.2495E-04 2.5926E-04 6.4011E-05 3.0930E-06 4.1162E-05 2.3267E-04 1.4374E-04 4.1737E-05 1.0429E-05 5.1055E-05 4.8450E-04 3.5985E-04 1.2368E-04 2.9457E-05 1.8442E-04 3.1472E-04 1.0552E-04 2.6654E-05 1.5840E-04 2.4942E-04 1.1294E-04 2.1545E-05 1.1688E-04 1.9350E-04 1.4178E-04 2.0829E-05 7.1912E-05 2.0556E-04 1.4488E-04 6.7794E-05 1.3031E-05 1.0222E-04 2.3468E-04 1.7779E-04 7.8000E-05 8.4570E-06 8.3933E-05 3.5945E-04 3.2994E-04 1.8098E-04 3.3618E-05
-2.8725E-05 3.2473E-03 2.0888E-03 -3.9704E-04 -7.0971E-06 1.3289E-03 2.6203E-03 3.7915E-03 4.6353E-04 5.1055E-05 5.5545E-03 6.5563E-03 9.9390E-03 2.1594E-03 -8.2098E-05 4.8260E-03 8.3946E-03 3.6745E-03 -1.3099E-04 2.0815E-03 5.5171E-03 2.7024E-03 -1.6833E-04 3.4997E-04 6.0542E-03 8.9301E-04 4.7610E-04 7.8977E-04 -4.5311E-03 -6.6098E-04 -8.5862E-04 -4.7717E-04 -2.7031E-03 8.4971E-03 2.1101E-03 8.2195E-05 1.0498E-04 2.9573E-03 8.9176E-03 -2.5322E-03 -2.0375E-04 -9.7930E-07
4.6102E-03 2.4994E-02 1.7451E-02 1.9921E-03 1.8888E-04 4.6260E-03 2.8478E-02 2.8002E-02 6.4083E-03 4.8450E-04 6.5563E-03 7.0820E-02 5.8904E-02 1.6391E-02 3.7754E-03 2.5344E-02 6.8691E-02 2.2293E-02 3.3973E-03 2.6554E-02 6.1497E-02 3.2970E-02 2.7719E-03 1.2584E-02 5.2255E-02 4.6271E-02 4.2808E-03 1.2696E-02 3.0843E-02 4.0757E-02 2.2342E-02 1.8694E-03 9.6665E-03 4.0533E-02 3.9425E-02 2.1887E-02 2.2820E-03 1.2510E-02 5.7880E-02 4.2988E-02 3.0016E-02 3.7896E-03
2.8839E-03 1.8895E-02 1.3295E-02 -3.7872E-04 2.2089E-05 5.3870E-03 2.4892E-02 2.9816E-02 6.0541E-03 3.5985E-04 9.9390E-03 5.8904E-02 7.9344E-02 1.6823E-02 3.4431E-03 2.6068E-02 7.4902E-02 2.5144E-02 3.1786E-03 2.4279E-02 6.5928E-02 3.4704E-02 2.3469E-03 9.6074E-03 5.4652E-02 4.5610E-02 4.6797E-03 1.0590E-02 1.6242E-02 3.6430E-02 2.1710E-02 1.1986E-03 4.5005E-03 3.6480E-02 3.6970E-02 2.0485E-02 2.4631E-03 1.0546E-02 4.8232E-02 2.7257E-02 1.8803E-02 2.6254E-03
6.7813E-04 6.7604E-03 4.8224E-03 4.9719E-04 6.5583E-05 1.4896E-03 7.1848E-03 7.2213E-03 1.7815E-03 1.2368E-04 2.1594E-03 1.6391E-02 1.6823E-02 6.3214E-03 1.1997E-03 7.7603E-03 1.8174E-02 6.5915E-03 9.1408E-04 6.7323E-03 1.5041E-02 8.0310E-03 7.0373E-04 3.3292E-03 1.2652E-02 9.9684E-03 1.2437E-03 3.3354E-03 5.7589E-03 9.4908E-03 5.3701E-03 3.5726E-04 1.5323E-03 9.2368E-03 9.5409E-03 5.6283E-03 7.3354E-04 3.5109E-03 1.5337E-02 7.1803E-03 5.0810E-03 6.1444E-04
3.2523E-04 1.8360E-03 1.7144E-03 2.4617E-04 1.9873E-05 2.8664E-04 1.7557E-03 1.2262E-03 2.9597E-04 2.9457E-05 -8.2098E-05 3.7754E-03 3.4431E-03 1.1997E-03 6.3341E-04 1.1806E-03 3.6988E-03 1.0664E-03 4.9022E-04 1.5929E-03 3.4152E-03 1.5009E-03 2.9141E-04 8.4123E-04 2.1578E-03 2.0700E-03 2.4289E-04 8.9042E-04 1.7728E-03 1.9418E-03 1.0996E-03 1.3625E-04 1.2062E-03 1.5463E-03 1.5192E-03 6.1905E-04 6.5678E-05 6.7878E-04 2.5663E-03 1.8211E-03 5.2346E-04 6.7549E-05
1.2655E-03 1.0612E-02 8.4442E-03 6.6339E-04 1.4069E-04 2.8348E-03 1.1695E-02 1.2361E-02 2.5331E-03 1.8442E-04 4.8260E-03 2.5344E-02 2.6068E-02 7.7603E-03 1.1806E-03 1.6116E-02 2.6538E-02 1.0676E-02 7.7806E-04 1.0059E-02 2.2594E-02 1.2395E-02 6.4104E-04 4.8718E-03 2.2440E-02 1.5302E-02 1.8438E-03 5.7663E-03 9.5647E-03 1.5419E-02 7.6272E-03 2.7502E-04 6.7263E-04 1.9053E-02 1.8031E-02 9.9843E-03 1.1900E-03 6.8988E-03 2.8870E-02 1.3901E-02 1.2629E-02 1.8808E-03
3.0966E-03 1.7347E-02 8.5191E-03 -1.1905E-03 -1.0572E-04 4.4201E-03 2.9605E-02 3.5375E-02 8.5695E-03 3.1472E-04 8.3946E-03 6.8691E-02 7.4902E-02 1.8174E-02 3.6988E-03 2.6538E-02 1.0274E-01 2.9486E-02 3.9399E-03 3.2451E-02 8.8528E-02 4.6882E-02 3.3583E-03 1.0133E-02 7.0556E-02 6.6651E-02 5.9722E-03 1.3050E-02 3.0001E-02 5.4207E-02 3.2535E-02 2.3885E-03 9.9893E-03 4.2143E-02 5.1410E-02 2.8137E-02 2.7885E-03 7.6847E-03 5.6761E-02 4.7864E-02 3.4351E-02 3.3973E-03
8.4334E-04 6.1799E-03 3.8101E-03 -3.2318E-04 1.6005E-05 1.8226E-03 9.8168E-03 1.1577E-02 2.5792E-03 1.0552E-04 3.6745E-03 2.2293E-02 2.5144E-02 6.5915E-03 1.0664E-03 1.0676E-02 2.9486E-02 1.1605E-02 9.0647E-04 9.9523E-03 2.6892E-02 1.4829E-02 8.5189E-04 4.0379E-03 2.3974E-02 2.0188E-02 2.0317E-03 4.8031E-03 1.0001E-02 1.8406E-02 9.9806E-03 5.6679E-04 2.0088E-03 1.6331E-02 1.8635E-02 1.0668E-02 1.1561E-03 4.7971E-03 2.2270E-02 1.4015E-02 1.1532E-02 1.2348E-03
2.5189E-04 1.3166E-03 1.1040E-03 1.7299E-04 9.3743E-06 1.5368E-04 1.4455E-03 1.2388E-03 3.3625E-04 2.6654E-05 -1.3099E-04 3.3973E-03 3.1786E-03 9.1408E-04 4.9022E-04 7.7806E-04 3.9399E-03 9.0647E-04 5.6130E-04 1.5751E-03 3.8901E-03 1.8369E-03 3.3253E-04 5.6346E-04 2.3117E-03 2.7140E-03 2.2865E-04 5.4810E-04 2.2130E-03 2.2441E-03 1.4914E-03 1.9201E-04 1.3769E-03 1.1703E-03 1.6222E-03 7.2477E-04 4.0607E-05 -6.9487E-05 1.1364E-03 2.2705E-03 9.9540E-04 1.3515E-04
1.3164E-03 9.6638E-03 5.5783E-03 8.0683E-04 4.0314E-05 1.3893E-03 1.1808E-02 1.3367E-02 3.1894E-03 1.5840E-04 2.0815E-03 2.6554E-02 2.4279E-02 6.7323E-03 1.5929E-03 1.0059E-02 3.2451E-02 9.9523E-03 1.5751E-03 1.5057E-02 3.0809E-02 1.6852E-02 1.4283E-03 5.7875E-03 2.6425E-02 2.5180E-02 2.0378E-03 5.6942E-03 1.7606E-02 2.4007E-02 1.2950E-02 1.1062E-03 5.2564E-03 1.8005E-02 2.3813E-02 1.3375E-02 1.1844E-03 4.6489E-03 2.6866E-02 2.4780E-02 1.8997E-02 2.3312E-03
3.8112E-03 1.4674E-02 7.3666E-03 -5.9291E-04 -1.3422E-04 2.8989E-03 2.7383E-02 3.3284E-02 7.7649E-03 2.4942E-04 5.5171E-03 6.1497E-02 6.5928E-02 1.5041E-02 3.4152E-03 2.2594E-02 8.8528E-02 2.6892E-02 3.8901E-03 3.0809E-02 9.5688E-02 4.8577E-02 3.6116E-03 1.0033E-02 7.2518E-02 7.3172E-02 5.9037E-03 1.2033E-02 4.0596E-02 6.5117E-02 3.7391E-02 3.0690E-03 1.4829E-02 4.1606E-02 6.1403E-02 3.4461E-02 2.8600E-03 5.0687E-03 5.0356E-02 5.9282E-02 4.5306E-02 4.9462E-03
1.7286E-03 7.0505E-03 2.4067E-03 -1.8448E-04 -6.1375E-05 1.0532E-03 1.4388E-02 1.8174E-02 4.4161E-03 1.1294E-04 2.7024E-03 3.2970E-02 3.4704E-02 8.0310E-03 1.5009E-03 1.2395E-02 4.6882E-02 1.4829E-02 1.8369E-03 1.6852E-02 4.8577E-02 2.9287E-02 1.9395E-03 6.4318E-03 4.0697E-02 4.1633E-02 3.2465E-03 6.1753E-03 2.6032E-02 3.8590E-02 2.1624E-02 1.8798E-03 7.6957E-03 2.3532E-02 3.5486E-02 2.1251E-02 1.7481E-03 2.9924E-03 2.7938E-02 3.3661E-02 2.6434E-02 2.6531E-03
2.0366E-04 9.0855E-04 5.8968E-04 1.9477E-04 3.2882E-07 1.1196E-05 1.3402E-03 1.2362E-03 3.6835E-04 2.1545E-05 -1.6833E-04 2.7719E-03 2.3469E-03 7.0373E-04 2.9141E-04 6.4104E-04 3.3583E-03 8.5189E-04 3.3253E-04 1.4283E-03 3.6116E-03 1.9395E-03 3.3054E-04 6.5319E-04 2.3934E-03 3.2215E-03 2.2232E-04 4.8849E-04 2.8721E-03 3.0365E-03 1.8401E-03 2.3743E-04 1.3499E-03 8.5590E-04 2.4388E-03 1.4462E-03 9.9506E-05 1.8567E-04 1.3939E-03 3.1866E-03 2.1726E-03 2.6191E-04
8.9641E-04 7.4359E-03 5.3533E-03 1.4801E-03 9.0655E-05 5.5544E-04 6.1270E-03 5.0830E-03 1.1634E-03 1.1688E-04 3.4997E-04 1.2584E-02 9.6074E-03 3.3292E-03 8.4123E-04 4.8718E-03 1.0133E-02 4.0379E-03 5.6346E-04 5.7875E-03 1.0033E-02 6.4318E-03 6.5319E-04 6.2887E-03 1.1132E-02 1.0172E-02 7.7689E-04 3.3523E-03 1.2618E-02 1.2908E-02 5.4802E-03 5.6386E-04 3.5580E-03 1.0537E-02 1.3068E-02 8.1185E-03 7.5275E-04 5.5701E-03 1.6328E-02 1.4345E-02 1.0198E-02 1.3359E-03
2.5754E-03 1.5357E-02 9.4495E-03 2.2492E-04 3.0283E-06 3.1567E-03 2.3725E-02 2.8634E-02 6.2816E-03 1.9350E-04 6.0542E-03 5.2255E-02 5.4652E-02 1.2652E-02 2.1578E-03 2.2440E-02 7.0556E-02 2.3974E-02 2.3117E-03 2.6425E-02 7.2518E-02 4.0697E-02 2.3934E-03 1.1132E-02 7.3413E-02 6.1260E-02 4.9272E-03 1.1911E-02 3.9708E-02 6.1054E-02 3.1093E-02 2.1625E-03 9.7737E-03 4.6373E-02 6.3618E-02 3.5931E-02 3.0950E-03 8.6157E-03 5.6872E-02 5.8979E-02 4.7972E-02 5.8674E-03
3.0487E-03 1.0156E-02 3.8823E-03 5.0992E-04 -1.1408E-04 6.9117E-04 2.1748E-02 2.6302E-02 6.4706E-03 1.4178E-04 8.9301E-04 4.6271E-02 4.5610E-02 9.9684E-03 2.0700E-03 1.5302E-02 6.6651E-02 2.0188E-02 2.7140E-03 2.5180E-02 7.3172E-02 4.1633E-02 3.2215E-03 1.0172E-02 6.1260E-02 6.9074E-02 4.6788E-03 9.7016E-03 4.7616E-02 6.4634E-02 3.5680E-02 3.3699E-03 1.5923E-02 3.2066E-02 5.9889E-02 3.5587E-02 2.7486E-03 4.6098E-03 4.0861E-02 6.2947E-02 4.8783E-02 5.4368E-03
2.0195E-04 1.0223E-03 5.0195E-04 -4.7205E-05 -3.1032E-06 2.5789E-04 1.8901E-03 2.2522E-03 5.5466E-04 2.0829E-05 4.7610E-04 4.2808E-03 4.6797E-03 1.2437E-03 2.4289E-04 1.8438E-03 5.9722E-03 2.0317E-03 2.2865E-04 2.0378E-03 5.9037E-03 3.2465E-03 2.2232E-04 7.7689E-04 4.9272E-03 4.6788E-03 4.7704E-04 8.5189E-04 2.5260E-03 4.3122E-03 2.4143E-03 1.8985E-04 7.6216E-04 2.7764E-03 4.0567E-03 2.3681E-03 2.3412E-04 4.8414E-04 3.7267E-03 3.3699E-03 2.5792E-03 2.3711E-04
1.0699E-03 5.4880E-03 4.8140E-03 5.2534E-04 7.1160E-05 1.0684E-03 6.5157E-03 5.6420E-03 1.0952E-03 7.1912E-05 7.8977E-04 1.2696E-02 1.0590E-02 3.3354E-03 8.9042E-04 5.7663E-03 1.3050E-02 4.8031E-03 5.4810E-04 5.6942E-03 1.2033E-02 6.1753E-03 4.8849E-04 3.3523E-03 1.1911E-02 9.7016E-03 8.5189E-04 5.6239E-03 8.6458E-03 1.0532E-02 4.7351E-03 2.8388E-04 2.7016E-03 1.0853E-02 1.1565E-02 6.1819E-03 5.8679E-04 5.5102E-03 1.6985E-02 1.2404E-02 9.5472E-03 1.3409E-03
2.6550E-03 1.5654E-02 1.1351E-02 4.6039E-03 2.0834E-04 -7.5408E-04 1.7240E-02 1.5046E-02 4.0000E-03 2.0556E-04 -4.5311E-03 3.0843E-02 1.6242E-02 5.7589E-03 1.7728E-03 9.5647E-03 3.0001E-02 1.0001E-02 2.2130E-03 1.7606E-02 4.0596E-02 2.6032E-02 2.8721E-03 1.2618E-02 3.9708E-02 4.7616E-02 2.5260E-03 8.6458E-03 6.6287E-02 5.7736E-02 2.8120E-02 3.2637E-03 1.9780E-02 2.5839E-02 5.4025E-02 3.3064E-02 2.2248E-03 9.3277E-03 3.6725E-02 6.4965E-02 4.9716E-02 6.2555E-03
2.2443E-03 1.4268E-02 8.7708E-03 2.6236E-03 2.7477E-05 3.7918E-04 2.0594E-02 2.3659E-02 5.7285E-03 1.4488E-04 -6.6098E-04 4.0757E-02 3.6430E-02 9.4908E-03 1.9418E-03 1.5419E-02 5.4207E-02 1.8406E-02 2.2441E-03 2.4007E-02 6.5117E-02 3.8590E-02 3.0365E-03 1.2908E-02 6.1054E-02 6.4634E-02 4.3122E-03 1.0532E-02 5.7736E-02 7.5883E-02 3.6773E-02 3.3672E-03 1.7484E-02 3.6107E-02 7.2562E-02 4.3631E-02 3.3256E-03 7.6688E-03 4.8270E-02 7.3223E-02 5.9515E-02 7.4038E-03
1.1837E-03 5.1792E-03 2.1853E-03 7.4779E-04 -3.6222E-05 1.4082E-05 1.0645E-02 1.3259E-02 3.4422E-03 6.7794E-05 -8.5862E-04 2.2342E-02 2.1710E-02 5.3701E-03 1.0996E-03 7.6272E-03 3.2535E-02 9.9806E-03 1.4914E-03 1.2950E-02 3.7391E-02 2.1624E-02 1.8401E-03 5.4802E-03 3.1093E-02 3.5680E-02 2.4143E-03 4.7351E-03 2.8120E-02 3.6773E-02 2.1483E-02 2.0029E-03 9.3962E-03 1.3910E-02 3.4184E-02 2.1271E-02 1.6758E-03 1.2205E-03 1.9424E-02 3.4899E-02 2.8264E-02 3.4346E-03
1.6886E-04 3.4480E-04 3.9068E-05 1.8162E-04 -3.9370E-06 -1.4073E-04 9.6724E-04 9.5956E-04 3.4531E-04 1.3031E-05 -4.7717E-04 1.8694E-03 1.1986E-03 3.5726E-04 1.3625E-04 2.7502E-04 2.3885E-03 5.6679E-04 1.9201E-04 1.1062E-03 3.0690E-03 1.8798E-03 2.3743E-04 5.6386E-04 2.1625E-03 3.3699E-03 1.8985E-04 2.8388E-04 3.2637E-03 3.3672E-03 2.0029E-03 3.1285E-04 1.2606E-03 2.0657E-04 2.5579E-03 1.7379E-03 1.2310E-04 -2.2152E-04 7.5053E-04 3.4933E-03 2.5118E-03 2.6594E-04
1.7756E-03 6.0292E-03 4.7772E-03 1.7630E-03 3.4707E-05 -5.5340E-04 5.8624E-03 3.7589E-03 1.0326E-03 1.0222E-04 -2.7031E-03 9.6665E-03 4.5005E-03 1.5323E-03 1.2062E-03 6.7263E-04 9.9893E-03 2.0088E-03 1.3769E-03 5.2564E-03 1.4829E-02 7.6957E-03 1.3499E-03 3.5580E-03 9.7737E-03 1.5923E-02 7.6216E-04 2.7016E-03 1.9780E-02 1.7484E-02 9.3962E-03 1.2606E-03 1.1945E-02 5.3825E-03 1.4497E-02 8.2372E-03 3.3816E-04 2.7186E-03 6.7203E-03 2.1263E-02 1.3447E-02 1.6065E-03
3.3464E-03 2.1407E-02 1.5734E-02 1.4786E-03 2.0895E-04 3.5527E-03 1.7994E-02 1.8656E-02 2.7696E-03 2.3468E-04 8.4971E-03 4.0533E-02 3.6480E-02 9.2368E-03 1.5463E-03 1.9053E-02 4.2143E-02 1.6331E-02 1.1703E-03 1.8005E-02 4.1606E-02 2.3532E-02 8.5590E-04 1.0537E-02 4.6373E-02 3.2066E-02 2.7764E-03 1.0853E-02 2.5839E-02 3.6107E-02 1.3910E-02 2.0657E-04 5.3825E-03 6.0582E-02 4.4007E-02 2.2802E-02 1.7270E-03 1.6186E-02 5.8003E-02 4.0658E-02 3.3026E-02 4.3854E-03
1.7855E-03 1.9051E-02 1.3931E-02 3.4634E-03 7.2979E-05 1.7291E-03 2.0913E-02 2.4162E-02 5.3667E-03 1.7779E-04 2.1101E-03 3.9425E-02 3.6970E-02 9.5409E-03 1.5192E-03 1.8031E-02 5.1410E-02 1.8635E-02 1.6222E-03 2.3813E-02 6.1403E-02 3.5486E-02 2.4388E-03 1.3068E-02 6.3618E-02 5.9889E-02 4.0567E-03 1.1565E-02 5.4025E-02 7.2562E-02 3.4184E-02 2.5579E-03 1.4497E-02 4.4007E-02 8.5940E-02 4.6742E-02 3.5196E-03 9.7231E-03 5.9251E-02 8.0705E-02 6.7482E-02 9.3146E-03
8.2018E-04 8.7947E-03 5.6210E-03 1.8572E-03 4.7315E-05 4.0434E-04 1.1015E-02 1.3583E-02 3.1876E-03 7.8000E-05 8.2195E-05 2.1887E-02 2.0485E-02 5.6283E-03 6.1905E-04 9.9843E-03 2.8137E-02 1.0668E-02 7.2477E-04 1.3375E-02 3.4461E-02 2.1251E-02 1.4462E-03 8.1185E-03 3.5931E-02 3.5587E-02 2.3681E-03 6.1819E-03 3.3064E-02 4.3631E-02 2.1271E-02 1.7379E-03 8.2372E-03 2.2802E-02 4.6742E-02 3.0683E-02 2.3414E-03 5.0158E-03 3.1377E-02 4.4978E-02 3.8954E-02 5.3584E-03
5.7985E-06 6.9705E-04 4.5517E-04 8.8676E-05 7.8116E-06 1.3553E-04 1.0325E-03 1.2858E-03 3.1310E-04 8.4570E-06 1.0498E-04 2.2820E-03 2.4631E-03 7.3354E-04 6.5678E-05 1.1900E-03 2.7885E-03 1.1561E-03 4.0607E-05 1.1844E-03 2.8600E-03 1.7481E-03 9.9506E-05 7.5275E-04 3.0950E-03 2.7486E-03 2.3412E-04 5.8679E-04 2.2248E-03 3.3256E-03 1.6758E-03 1.2310E-04 3.3816E-04 1.7270E-03 3.5196E-03 2.3414E-03 3.2825E-04 5.0534E-04 2.9166E-03 2.8661E-03 2.6404E-03 3.8884E-04
1.1920E-03 9.5743E-03 8.3202E-03 1.2486E-03 1.3845E-04 1.2892E-03 7.3275E-03 5.1708E-03 2.2712E-04 8.3933E-05 2.9573E-03 1.2510E-02 1.0546E-02 3.5109E-03 6.7878E-04 6.8988E-03 7.6847E-03 4.7971E-03 -6.9487E-05 4.6489E-03 5.0687E-03 2.9924E-03 1.8567E-04 5.5701E-03 8.6157E-03 4.6098E-03 4.8414E-04 5.5102E-03 9.3277E-03 7.6688E-03 1.2205E-03 -2.2152E-04 2.7186E-03 1.6186E-02 9.7231E-03 5.0158E-03 5.0534E-04 1.7420E-02 2.5545E-02 7.9992E-03 6.6908E-03 1.0015E-03
3.6129E-03 3.2921E-02 2.4828E-02 3.8904E-03 3.3794E-04 5.4367E-03 2.8942E-02 2.7807E-02 5.3831E-03 3.5945E-04 8.9176E-03 5.7880E-02 4.8232E-02 1.5337E-02 2.5663E-03 2.8870E-02 5.6761E-02 2.2270E-02 1.1364E-03 2.6866E-02 5.0356E-02 2.7938E-02 1.3939E-03 1.6328E-02 5.6872E-02 4.0861E-02 3.7267E-03 1.6985E-02 3.6725E-02 4.8270E-02 1.9424E-02 7.5053E-04 6.7203E-03 5.8003E-02 5.9251E-02 3.1377E-02 2.9166E-03 2.5545E-02 1.0017E-01 5.8894E-02 4.7622E-02 6.5792E-03
4.5393E-03 2.3916E-02 1.7726E-02 5.8854E-03 1.0475E-04 9.2041E-04 2.4762E-02 2.2773E-02 5.9249E-03 3.2994E-04 -2.5322E-03 4.2988E-02 2.7257E-02 7.1803E-03 1.8211E-03 1.3901E-02 4.7864E-02 1.4015E-02 2.2705E-03 2.4780E-02 5.9282E-02 3.3661E-02 3.1866E-03 1.4345E-02 5.8979E-02 6.2947E-02 3.3699E-03 1.2404E-02 6.4965E-02 7.3223E-02 3.4899E-02 3.4933E-03 2.1263E-02 4.0658E-02 8.0705E-02 4.4978E-02 2.8661E-03 7.9992E-03 5.8894E-02 1.0804E-01 7.7947E-02 1.0734E-02
2.4758E-03 1.3979E-02 1.0885E-02 3.6554E-03 7.3965E-05 6.2993E-04 1.7720E-02 1.8668E-02 4.3316E-03 1.8098E-04 -2.0375E-04 3.0016E-02 1.8803E-02 5.0810E-03 5.2346E-04 1.2629E-02 3.4351E-02 1.1532E-02 9.9540E-04 1.8997E-02 4.5306E-02 2.6434E-02 2.1726E-03 1.0198E-02 4.7972E-02 4.8783E-02 2.5792E-03 9.5472E-03 4.9716E-02 5.9515E-02 2.8264E-02 2.5118E-03 1.3447E-02 3.3026E-02 6.7482E-02 3.8954E-02 2.6404E-03 6.6908E-03 4.7622E-02 7.7947E-02 7.1678E-02 1.0127E-02
3.4129E-04 2.2713E-03 2.2958E-03 6.2643E-04 2.5921E-05 2.4324E-04 2.3356E-03 2.4287E-03 4.3287E-04 3.3618E-05 -9.7930E-07 3.7896E-03 2.6254E-03 6.1444E-04 6.7549E-05 1.8808E-03 3.3973E-03 1.2348E-03 1.3515E-04 2.3312E-03 4.9462E-03 2.6531E-03 2.6191E-04 1.3359E-03 5.8674E-03 5.4368E-03 2.3711E-04 1.3409E-03 6.2555E-03 7.4038E-03 3.4346E-03 2.6594E-04 1.6065E-03 4.3854E-03 9.3146E-03 5.3584E-03 3.8884E-04 1.0015E-03 6.5792E-03 1.0734E-02 1.0127E-02 1.9900E-03
