2.316558474938129955e-02
2.048967349268958349e-01
1.160327189409850190e-01
1.483339350403150604e-02
5.709608170092409906e-04
3.186701850773718953e-02
3.161759757012221339e-01
2.670759678447134911e-01
4.119228290398738862e-02
1.780223698542564769e-03
4.256667643169340792e-02
5.297714777886297632e-01
6.139773727640890355e-01
1.680829444497394798e-01
6.602374024613413134e-03
2.659797336542805146e-01
8.109418235544524345e-01
3.457886091481668922e-01
1.275704558200426407e-02
2.588091271274444161e-01
9.297467907056818914e-01
6.124956736111657474e-01
3.208362475782475937e-02
2.519119021936410685e-01
1.008654148016521646e+00
9.956845254363146935e-01
8.812081440313905556e-02
2.254122165803571221e-01
1.004789705184516047e+00
1.338588719930460469e+00
6.539378236069296468e-01
4.770424334057395133e-02
2.219543344956511621e-01
1.015925191410085304e+00
1.561855621252889126e+00
1.205650446548832466e+00
1.663485374608533462e-01
2.703634303873539424e-01
1.064686760756002215e+00
1.631967099887176476e+00
1.561646399595038037e+00
2.802511194928022364e-01
