3.162638478877508735e-02
2.393356338576869413e-01
1.248483887971875983e-01
1.665219200165933555e-02
5.759111353736458012e-04
4.531955495083779539e-02
3.757751849379077358e-01
2.634896476089769735e-01
3.873718208722223139e-02
1.438251348088286476e-03
6.364095054424212528e-02
6.651929703660764970e-01
6.249042495954709731e-01
1.563029358073233788e-01
4.141560719749832510e-03
3.624959506230314155e-01
9.007636741490326893e-01
3.366496455271110189e-01
1.017175939117088458e-02
3.745064958200038929e-01
1.124839571477220135e+00
6.457518871563445728e-01
3.106672575937787645e-02
3.882299737834547515e-01
1.312473020260044310e+00
1.135307759675775019e+00
9.129957928345355800e-02
3.655355072473431277e-01
1.381112720421363127e+00
1.642803720372338683e+00
7.283669754666325380e-01
5.057794091347332655e-02
3.610413189752552099e-01
1.434633413763034104e+00
2.039155288002767463e+00
1.503083233816403297e+00
1.952878308100129134e-01
4.090998971166261988e-01
1.475599922047633461e+00
2.168104333495726621e+00
2.080818368213815273e+00
4.279089460321987004e-01
