2.552596523960034072e-02
2.370945229431276335e-01
1.364405206162122297e-01
1.651172247877831512e-02
6.362443057896929400e-04
3.250208446469173701e-02
3.572660760434546723e-01
3.388438146876751600e-01
5.265262812528722497e-02
2.062192592581247978e-03
4.178498492052847707e-02
5.542863610575424760e-01
7.243942585119260702e-01
2.097391786784117140e-01
7.719246970426513373e-03
2.716944819777959985e-01
9.275983046271054633e-01
4.462315812869895870e-01
1.497682419328126568e-02
2.658208904242911341e-01
1.000178783798018278e+00
7.223983040825617818e-01
3.741900708759955674e-02
2.587953698347233988e-01
1.037539837234482176e+00
1.138777561278535355e+00
1.073701125121527822e-01
2.321993114942796921e-01
1.036578037747036163e+00
1.492889288009940252e+00
7.740305137309669847e-01
5.452800304346545196e-02
2.276873618433348512e-01
1.027899664198880458e+00
1.668296189235602744e+00
1.380419087894094510e+00
1.901968516295316214e-01
2.827470507328015414e-01
1.035854757338681154e+00
1.576161774858280795e+00
1.684214088575299195e+00
3.080262613535678096e-01
