3.843536684003925896e-02
2.532896920545687491e-01
2.204575273456978179e-01
4.172745255737428383e-02
-9.479416769893285249e-04
1.383069721633671360e-02
2.262933089833000511e-01
2.899722830497332704e-01
5.856651488418890966e-02
-2.311505864429713134e-04
-3.093182522530784143e-02
4.707383321165584666e-01
6.736817721753430854e-01
1.343732509641749617e-01
-1.098586297046813889e-02
2.077427177764884780e-01
7.813074878083194896e-01
3.510457515090081859e-01
-1.324671839482694999e-02
2.399855669527269364e-01
1.017318913332071029e+00
6.402828931195644335e-01
1.832635765873711145e-02
2.503300314726912279e-01
1.254249532702292447e+00
1.123257857422748973e+00
7.373870743581964482e-02
1.810426973314777643e-01
9.265579577997022920e-01
1.526790702690818735e+00
6.878495834449862567e-01
3.376930500297220528e-02
2.306557895952436599e-01
9.600810053541095623e-01
1.801089636680770933e+00
1.175120543710419962e+00
9.707099788050713163e-02
1.786726669077033647e-01
9.773374564489919480e-01
1.693617060363843407e+00
1.387924952741360185e+00
1.941595644463220416e-01
