2.119351276779258761e-02
1.828123482596846205e-01
1.033943794996031451e-01
1.317756567004563228e-02
5.184812685229262235e-04
3.106520930141099673e-02
2.872121353483451101e-01
2.407626164837251559e-01
3.736410581902264300e-02
1.657962261923457770e-03
4.279268837166473605e-02
4.948007992490691120e-01
5.535881604004926348e-01
1.581183966307703470e-01
6.229293955425004199e-03
2.583502183318650558e-01
7.395448492492843195e-01
3.312692602518120255e-01
1.219833538188041903e-02
2.574205773146759357e-01
8.443970623966043920e-01
5.617367440021936442e-01
2.994939563530553406e-02
2.557523508155228331e-01
9.180052644090632707e-01
8.931161482310762123e-01
8.215390878236894512e-02
2.338545633379516819e-01
9.437417336392888156e-01
1.204990182427402967e+00
6.056487119761061466e-01
4.571648950870367545e-02
2.314526110050886543e-01
9.882179057750215545e-01
1.409664961966478280e+00
1.078427368659826024e+00
1.527222079957009926e-01
2.712026200904762985e-01
9.920669930742925802e-01
1.398416940926188623e+00
1.338572976311362517e+00
2.410113383309897273e-01
